 -1.57952649e-02
 -4.96279411e-02
 -3.72011053e-02
 6.17570483e-02
 -3.10222450e-02
 -9.93942876e-02
 4.59994603e-02
 -6.88896940e-03
 -6.92353852e-03
 -1.59048372e-02
 -1.56448895e-02
 1.78136610e-01
 -3.17283559e-02
 -1.23435397e-02
 -1.85000318e-02
 -1.41873118e-01
 -1.60214312e-02
 1.08222663e-01
 -1.30186495e-02
 -2.70167064e-02
 3.90132642e-03
 -1.85488444e-02
 -7.21885329e-03
 -1.57406481e-02
 -8.32837122e-03
 -1.77328148e-02
 -7.20352415e-02
 1.53243546e-01
 -2.75867507e-02
 -4.86387148e-03
 6.70948527e-02
 1.11524022e-02
 -6.05188983e-02
 -1.69406787e-02
 -2.62494123e-02
 -3.63950082e-02
 -7.92614285e-02
 -1.58843235e-01
 -2.93133042e-02
 8.65855441e-02
 -1.19391855e-02
 2.43284197e-03
 -1.00475273e-02
 -2.45049514e-02
 -5.05327187e-02
 -1.45057446e-01
 -1.10756564e-02
 -1.39819549e-02
 -8.51187255e-02
 4.58043475e-02
 2.57769081e-02
 3.22155077e-02
 2.53019084e-02
 1.74574633e-02
 2.98680344e-02
 4.16887204e-02
 6.68679273e-01
 1.99868922e-03
 1.39508266e-02
 4.58330331e-03
 1.99552998e-02
 1.31441021e-02
 1.28240612e-01
 -6.81420300e-02
 2.76121972e-03
 2.79024933e-02
 -1.57083978e-01
 2.32867331e-02
 6.89488079e-02
 1.78281910e-02
 1.50460475e-02
 3.94418598e-03
 6.66052283e-03
 1.62329074e-02
 8.19116856e-02
 -8.47288479e-02
 5.24327095e-02
 -1.58943384e-02
 2.02129199e-03
 1.00161283e-02
 -5.64345958e-01
 1.12298924e-02
 4.65717220e-02
 1.30880381e-02
 3.00927243e-02
 -3.83721271e-02
 1.65193233e-02
 9.33133645e-03
 1.31442094e-02
 -2.90166592e-02
 1.39569807e-02
 1.02538215e-02
 6.14806093e-02
 -4.41885816e-03
 -1.13670025e-02
 7.51819021e-03
 1.25451120e-02
 3.33621862e-02
 4.21424839e-02
 1.27536444e-02
