14334
37357
2.5469e+005
28151
10748
20151
15954
22451
19224
4.8021e+005
3840.8
6413.3
16918
6097.2
31827
27037
26997
10167
1.0276e+005
24591
16989
36008
28897
18559
31965
71891
76138
25276
73232
53736
74982
36499
19804
17578
56449
43863
17570
28982
10670
17362
18795
57777
10036
14491
77573
7918.4
69346
18580
13305
24258
31239
4984.7
11613
1.2896e+005
79967
17684
1.0693e+005
10644
62160
21701
4717.5
2.5106e+005
92369
97414
36281
4248
18951
38419
4.4881e+005
14771
19485
81157
29013
29239
1905.5
26578
28416
10367
13667
21096
53078
33227
8686.3
24589
16113
1.2054e+005
12976
25949
5296.2
15050
4037.9
16357
11216
5651.1
2317.4
25609
3641.9
1.8627e+005
3737.2
19303
30819
40854
62556
6556.5
25746
7219.6
21910
11128
15875
14517
33136
47855
4882
20864
20558
6406.2
15258
9119.1
38345
28339
58767
22260
24704
9964.1
40912
16108
50175
10749
46400
41655
16972
54447
32509
14418
11326
10916
10831
1834.2
12578
29223
4.6543e+005
62882
13555
93256
21136
22143
6137
7093.2
23661
6630.9
8843.3
32439
74722
35487
5597.8
12079
8170.9
49522
65987
24437
39048
9070.5
5756.6
29039
17888
14344
22710
88071
18761
13702
1.304e+005
15839
1286.5
10571
32530
27653
35911
6878.9
2.3896e+005
19337
15083
8222.1
4925.8
21434
14888
4869.3
1.8136e+005
13184
15669
37770
16131
10191
10069
32692
19215
23957
10757
1.5534e+005
63370
6605.2
53578
23961
1.7147e+005
19962
65180
14762
14532
17128
15812
13840
26160
22137
17363
5363.3
61243
14567
3374.9
40020
8754.1
23688
33465
33900
29871
44226
66934
6779.4
25786
960.99
3490.1
21660
51323
12997
9256.9
7212.3
17330
23546
10657
21275
16017
69951
13161
14358
49049
16936
27790
55897
6967.5
78568
16588
8898.2
13164
11852
35444
56591
13791
9847.2
37886
16063
52616
75850
59976
1.1478e+005
23484
6251.8
7567.9
5825.7
47184
68347
19336
26411
10847
13202
12219
3621
11597
13156
20975
13263
81677
6121
5102.3
29195
16103
71919
15016
23607
52490
6102.9
50893
17818
50536
20977
20623
25789
12835
4804.5
9830.9
44583
11519
14883
53418
33641
2861.7
65059
10657
93120
12541
39680
14651
35618
14476
34908
23525
23629
22126
61890
9844.7
3211.8
1.0076e+005
4797
20819
4333
10521
19842
92318
17842
9184.5
77802
30042
47823
59002
86015
9165
2975
27308
2619.3
7020.1
6354
5873.3
14076
26843
11203
11360
30201
14408
15871
19956
34088
18644
21110
9373.5
37483
35265
4105.3
34956
1.1938e+005
9715.9
11151
7412
22103
34469
8416.1
19714
15022
15482
44833
3.6672e+005
21098
9164.4
14686
1.3336e+005
6962.1
21230
16235
24050
10492
21275
14586
10280
1.7618e+005
34606
6182.5
14046
36391
27131
4.7016e+005
71911
5170.4
18190
4816.1
29494
9856.1
5590
14935
13452
9098.3
25127
32343
25999
68960
44739
14995
15631
7726.2
6135
15214
29791
5707.4
3008.9
32776
11519
17289
82507
47444
29827
34515
74576
24935
59382
1.6989e+005
1.6973e+005
28129
33004
74202
7895.2
41630
30164
39241
71821
11067
12841
24415
16436
11246
7436.4
32148
91602
14216
14926
11369
14088
7107.3
9505.4
6213.8
3277.7
8066.3
38302
27013
6826.9
63034
4986.7
18702
26001
20635
20606
1752
45912
11623
11419
13336
12397
7962.1
45576
22399
11598
88140
28843
2580.2
50894
24897
10797
2266.1
16500
58633
23311
60369
11494
6121.8
14877
10985
20644
85447
25043
41640
36305
14840
18422
16557
7449.5
27687
58321
9346.3
8013.2
2.8857e+005
58618
60071
1.049e+005
27255
5831
53729
24876
18548
8155.9
25008
4430.6
2.5217e+005
43310
7168.1
62896
6641.2
6884.5
43495
19798
3040.3
42269
19785
12625
12194
40057
15531
11075
9691
39336
2801.1
17879
18709
10458
11737
24659
26375
12501
15028
5960.3
68923
26561
15769
77284
1.1171e+005
32742
6965.9
3445
30387
95758
6173.4
23691
3730
13095
2444
26795
68998
11123
14155
14976
39633
52390
12156
23924
3820.3
50131
4469.4
16516
5855.3
25988
18266
19705
2061.7
26648
18999
23461
7107.1
18221
9664
68796
28586
16701
9967.6
23601
6900.9
3134.4
19193
70419
16277
55250
8299.1
44406
15211
8703.2
38665
12185
12639
13843
52560
46516
86846
39718
6055.3
4877.2
1.9771e+005
1.1222e+005
28846
9466.7
28915
22782
15409
10625
20117
20098
10344
36313
70543
9810.8
22579
4697.5
23755
77955
49918
23255
21106
18351
12020
55530
1.2203e+005
1.927e+005
34590
4165.3
30621
12588
58611
12980
60375
5098.6
4152.5
29123
22672
10165
44564
10545
22893
70135
1.3244e+005
12104
33423
2.0861e+005
59273
21095
7675.6
41170
1.7289e+005
19117
5802.8
25845
27310
7706.5
7761
13664
24596
14035
11764
8177.9
5913.7
4106.1
3730.6
19753
13009
23962
7984.3
49075
1.2195e+005
24329
5439.6
25588
32925
6248.2
90371
61323
6633.2
41850
2547.4
18914
24824
6408.9
15910
34839
36959
10292
15493
13841
19194
1.9181e+005
9116.8
46669
11183
80507
1.1951e+005
2104.5
3492.2
24994
31614
53817
2805.3
3798.4
26958
78609
34683
52676
19047
43311
4860.9
10666
7553.1
34755
6951.1
67921
15776
8405.8
18128
56979
9669.3
6670.1
10980
3914.5
17230
16350
21303
7329.7
26177
8677.1
48964
23766
33666
36584
5752.8
14172
11726
32985
29990
2.0346e+005
1.8158e+005
9313.7
18254
82834
77059
12934
78225
28694
56461
16284
48673
35448
16663
16706
39465
39730
38138
49218
17810
21917
26323
8088.2
45419
5567.2
10666
28954
1.1425e+005
33133
9293.1
15834
22986
59451
15703
41488
12575
11009
29963
81999
24543
31951
42191
49466
10620
16183
24951
7418
31187
64520
26046
6700
13678
7960.3
39970
17087
5905.4
79852
53408
3584.9
64609
2248.4
6063.4
24338
5588
32988
17686
13195
94679
55698
96857
44900
18166
9604.6
9445.8
38306
1.327e+005
33791
10288
27995
45764
6895
13233
10014
38731
5702.8
14301
13694
37846
18143
18213
3547.8
6422
4780.6
14223
30580
28878
10138
2966
11608
48149
3098.3
5907.4
5006.9
76508
18837
9483.7
15002
1.1962e+005
20725
27050
20048
31981
56939
3397
29105
46763
9048.4
1.0565e+005
34558
75787
35581
1864.6
12937
16809
60154
6337.4
17042
8676.7
76704
21108
6089.4
12802
1.9899e+005
28406
19647
83846
35708
9690.5
16882
39679
1.8217e+005
72489
4501.7
24669
2.9925e+005
1.1221e+005
12039
35638
2921.3
15123
10800
6092.6
8760
31219
57430
16974
5644
7970.2
44156
16913
18770
21867
78457
44258
17514
42799
7821.8
15850
35564
86947
6480.8
20701
70907
8238.9
27269
2519.2
8217.3
23602
4416.7
12527
2498.3
70902
25009
72065
78118
18683
43253
75592
9143
27944
28318
5039.7
9104.7
10576
11324
6270.1
12996
9371.1
3462.6
29054
67971
28437
25589
97355
48559
25907
40817
34510
3633.8
1.827e+005
10779
15854
43724
20432
26124
1.5748e+005
13390
14060
6739.5
21939
1.2724e+005
3193.4
22744
2748.1
18412
38198
9745.9
7633.5
57770
66056
17350
5151.1
7694.3
74306
40595
9135.3
13902
3805.3
9271.9
54967
9287.2
44203
16003
9289.7
56634
23935
41265
1.4845e+005
66569
7455.7
2878.2
6215.8
37939
7561.9
4067.9
6324.8
14197
55220
4150.7
21131
13261
34115
73919
62784
